30.000000 15.000000
42.000000 29.700000
1026.015984 107.772687
5.000000 95.000000 85.000000 100.000000
13 13
-30.000000 150.924868 419754.250116 4805496.769005 419776.063884 4805602.310995 419577.070061 4805533.389165 419598.883829 4805638.931155 6.079372
150.924868 956.015984 420558.459110 4805697.009333 420531.730211 4805801.414879 419778.521450 4805497.337227 419751.792550 4805601.742773 0.250627
756.015984 1043.745248 420643.447450 4805718.767227 420616.718550 4805823.172773 420364.707709 4805647.406971 420337.978809 4805751.812517 0.250627
1043.745248 1742.031968 421266.299110 4806063.779056 421213.842242 4806157.923780 420656.311434 4805723.897638 420603.854566 4805818.042362 0.508350
1542.031968 1816.377337 421331.243434 4806099.965638 421278.786566 4806194.110362 421091.589307 4805966.431818 421039.132439 4806060.576542 0.508350
1816.377337 2382.731470 421822.061713 4806384.363594 421768.028287 4806477.612406 421332.031713 4806100.413594 421277.998287 4806193.662406 0.525175
2382.731470 2488.047952 421904.478611 4806475.927784 421822.621812 4806546.030683 421835.973400 4806395.936551 421754.116600 4806466.039449 0.862593
2288.047952 2382.731470 421822.061713 4806384.363594 421768.028287 4806477.612406 421740.138122 4806336.892616 421686.104696 4806430.141427 0.525175
2382.731470 2622.365891 421991.848400 4806577.946551 421909.991600 4806648.049449 421835.973400 4806395.936551 421754.116600 4806466.039449 0.862593
2622.365891 3234.063936 422472.195275 4806937.575147 422407.421373 4807023.710470 421983.306951 4806569.930339 421918.533049 4806656.065661 0.644781
3034.063936 4060.079920 423132.373238 4807434.030042 423067.599337 4807520.165364 422312.348982 4806817.370477 422247.575080 4806903.505800 0.644781
3860.079920 4098.375100 423162.979951 4807457.046339 423098.206049 4807543.181661 422972.526946 4807313.825372 422907.753044 4807399.960694 0.644781
4098.375100 4472.244015 423471.016852 4807336.427396 423503.385387 4807439.224429 423114.408733 4807448.715483 423146.777267 4807551.512517 5.978135
-30.000000 1440.000000 150.924868 1727.393832
150.924868 1440.000000 956.015984 1727.393832
756.015984 1580.000000 1043.745248 1867.393832
1043.745248 1580.000000 1742.031968 1867.393832
1542.031968 1660.000000 1816.377337 1947.393832
1816.377337 1660.000000 2382.731470 1947.393832
2382.731470 1660.000000 2488.047952 1947.393832
2288.047952 1720.000000 2382.731470 2007.393832
2382.731470 1720.000000 2622.365891 2007.393832
2622.365891 1720.000000 3234.063936 2007.393832
3034.063936 1700.000000 4060.079920 1987.393832
3860.079920 1680.000000 4098.375100 1967.393832
4098.375100 1680.000000 4472.244015 1967.393832
2.500008 4.250070 40.500600 28.199556
45.500008 4.250070 83.500600 28.199556
88.500008 4.250070 126.500600 28.199556
131.500008 4.250070 169.500600 28.199556
174.500008 4.250070 212.500600 28.199556
217.500008 4.250070 255.500600 28.199556
4.400038 4.250070 10.430867 7.842493
11.764200 4.250070 38.600570 7.842493
47.400038 4.250070 56.991013 7.842493
58.324346 4.250070 81.600570 7.842493
90.400038 4.250070 99.544883 7.842493
100.878217 4.250070 119.756688 7.842493
121.090021 4.250070 124.600570 7.842493
133.400038 4.250070 136.556155 7.842493
137.889488 4.250070 145.877302 7.842493
147.210636 4.250070 167.600570 7.842493
176.400038 4.250070 210.600570 7.842493
219.400038 4.250070 227.343210 7.842493
228.676544 4.250070 241.138841 7.842493
4.400038 9.039967 10.430867 28.199556
11.764200 9.039967 38.600570 28.199556
47.400038 9.039967 56.991013 28.199556
58.324346 9.039967 81.600570 28.199556
90.400038 9.039967 99.544883 28.199556
100.878217 9.039967 119.756688 28.199556
121.090021 9.039967 124.600570 28.199556
133.400038 9.039967 136.556155 28.199556
137.889488 9.039967 145.877302 28.199556
147.210636 9.039967 167.600570 28.199556
176.400038 9.039967 210.600570 28.199556
219.400038 9.039967 227.343210 28.199556
228.676544 9.039967 241.138841 28.199556
